0.00167659
0.00512793
0.000370057
0.000294535
0.000354953
0.000392714
0.00024167
0.000143492
0.000702353
0.00151044
0.00101955
0.00119325
0.00188049
0.00166903
0.000219013
0.00072501
0.0001737
0.00109507
0.000453131
0.00024167
0.000135939
0.000913814
0.000226566
0.00229586
0.00358729
0.000219013
0.00145757
0.000339848
0.000113283
6.04175e-05
0.00170679
9.81784e-05
0.000324744
0.00128387
0.000294535
0.000883606
8.3074e-05
0.000838293
0.0001737
8.3074e-05
0.000747666
0.000302087
0.000845845
0.000445579
0.000211461
0.000430475
0.000158596
0.000166148
0.000203909
0.000271879
0.00228076
0.000166148
0.0182159
0.000528653
0.00048334
0.000324744
0.00058907
0.000302087
0.000143492
0.00024167
0.00163882
0.000762771
0.000113283
7.55219e-05
6.79697e-05
0.00147268
0.000611727
0.00264326
8.3074e-05
0.00305864
0.000460683
0.000641936
0.000634384
0.00030964
0.000709905
0.00342869
0.00614748
0.000445579
0.000876054
0.00251488
0.000475788
0.000430475
0.000460683
0.00336827
0.000151044
0.00154065
0.000203909
0.000113283
0.000354953
0.00101955
0.00108751
7.55219e-05
0.000385161
0.00221279
0.00298311
0.000143492
0.000181252
0.000302087
0.000120835
0.00135939
0.00024167
0.000558862
0.000951575
0.000324744
0.00116304
0.00024167
0.000286983
0.000392714
0.000891158
0.000143492
0.000573966
0.000747666
0.00024167
0.000694801
0.000860949
0.00117814
0.00209196
0.000332296
0.000203909
0.000196357
0.0001737
0.000792979
0.00100444
0.000732562
0.000430475
0.000196357
0.00117059
0.00244691
0.000234118
0.00041537
0.000928919
0.000936471
0.000249222
0.000302087
0.000845845
6.79697e-05
0.000181252
0.00288493
0.000362505
0.000883606
0.00030964
0.000498444
0.00142736
0.000438027
0.000279431
0.000664592
6.04175e-05
0.00356463
0.000286983
0.00359484
0.000513549
0.000498444
0.00106486
6.04175e-05
0.000188805
0.000113283
0.000679697
0.000317192
0.000641936
0.00697067
0.000611727
0.000838293
0.000709905
0.000717458
0.000709905
0.0001737
0.000400266
0.000234118
0.000143492
0.000792979
0.00048334
0.000370057
0.000581518
0.000377609
0.00100444
0.000543757
0.000641936
0.00180497
0.00895689
0.000475788
0.000732562
6.04175e-05
0.000521101
6.79697e-05
0.000302087
0.00124611
0.000649488
0.000143492
0.000151044
6.79697e-05
9.81784e-05
0.000354953
0.000717458
0.00030964
0.000324744
0.000362505
0.00418391
0.000264326
0.000891158
0.000302087
0.000460683
0.00072501
0.00466725
0.000377609
0.00089871
0.000785427
0.000475788
0.000370057
0.000543757
0.000166148
0.00165393
0.00024167
0.00238649
0.000196357
0.00209951
8.3074e-05
0.00188049
0.000135939
0.000490892
0.000279431
0.00111772
0.00178987
0.000528653
0.000528653
0.000906262
0.000249222
6.79697e-05
0.000188805
0.000347401
0.000823188
0.00103465
0.000151044
0.000581518
0.000770323
6.04175e-05
0.000860949
0.00209196
6.04175e-05
0.00072501
0.00113283
0.000392714
0.000460683
0.00273389
0.000151044
0.000445579
0.000468236
0.00468236
0.000611727
9.06262e-05
0.000317192
0.000226566
0.00116304
0.000860949
0.00858684
0.000528653
6.79697e-05
0.000536205
0.000558862
0.00437272
0.000377609
0.000634384
0.00148778
0.000354953
0.00249977
0.00416881
0.000868501
9.81784e-05
0.00148778
0.000891158
0.00171435
0.000460683
0.000475788
0.0019107
0.000981784
0.000113283
0.000113283
9.81784e-05
0.000271879
0.00157085
0.00234118
0.00258285
0.00048334
0.000521101
9.06262e-05
0.00301332
9.81784e-05
0.00198622
0.00271879
0.00030964
0.000332296
0.000279431
0.000581518
0.000324744
0.000128387
0.000332296
0.000324744
0.000558862
0.000151044
0.00065704
0.00265837
0.00424433
0.000392714
0.000815636
0.00228831
0.000264326
0.00268858
0.000407818
0.000249222
0.00145757
6.04175e-05
0.000151044
0.00107241
0.000264326
0.00817902
0.000498444
0.000135939
0.000490892
0.000906262
0.00195602
0.00185029
0.000279431
0.000347401
0.00100444
0.000166148
0.00096668
0.00107241
0.00253753
0.00265082
0.00132918
0.000407818
0.000120835
0.00083074
0.000120835
0.000151044
0.000392714
0.000120835
0.000883606
8.3074e-05
0.000332296
0.00114038
0.000777875
6.04175e-05
0.00188049
0.00030964
0.00263571
0.00293025
0.00212216
0.000196357
0.000188805
0.000203909
0.000113283
0.00148778
0.000105731
0.000271879
0.000936471
0.000453131
0.000347401
0.000354953
7.55219e-05
0.00048334
0.000279431
0.000996888
0.000430475
0.00126121
8.3074e-05
0.00194091
6.79697e-05
0.000135939
0.00136695
0.00484095
6.04175e-05
0.000392714
7.55219e-05
0.000256774
0.000453131
0.00211461
6.79697e-05
0.00190315
6.04175e-05
0.000453131
0.000762771
0.00149533
0.000203909
0.000558862
0.000279431
0.000521101
0.000422922
0.00055131
0.000324744
0.000430475
0.00247712
0.000709905
0.000626831
0.00112528
0.000151044
0.000566414
0.000921367
0.000543757
0.000135939
0.00209951
0.000996888
0.00508262
0.000362505
0.00174455
9.06262e-05
0.000286983
0.000135939
0.000528653
0.000664592
0.00252998
0.000430475
0.000604175
0.00192581
0.00030964
0.000521101
0.000740114
0.000113283
0.000543757
8.3074e-05
0.000324744
0.000407818
0.000876054
0.000377609
0.000332296
0.00182763
0.000913814
6.04175e-05
0.000438027
8.3074e-05
0.000989336
0.000951575
0.000120835
0.000166148
0.000188805
0.00214482
0.000249222
7.55219e-05
0.000105731
6.04175e-05
0.000770323
0.00108751
0.000558862
0.000407818
0.000271879
0.00116304
7.55219e-05
0.000158596
6.79697e-05
0.000694801
0.00316437
0.000302087
0.00288493
0.000264326
0.00461439
0.000853397
0.000430475
0.00162372
0.00333807
0.00148778
0.000445579
0.00142736
0.000347401
0.000294535
0.00030964
0.00419146
0.000249222
0.00212972
0.000264326
0.00168414
0.00327765
0.00357974
0.000196357
0.000755219
0.000370057
7.55219e-05
0.00243936
0.00128387
0.000422922
0.00515059
0.00206175
0.00089871
0.000694801
0.00155575
0.00101199
0.000347401
0.000800532
0.000347401
0.000151044
0.000105731
0.00101955
0.000468236
0.00115548
0.000181252
0.0001737
0.00215237
0.00141981
0.000566414
0.000196357
0.000143492
0.000143492
0.000536205
0.00153309
0.00290759
0.000339848
0.000672145
0.000649488
6.04175e-05
0.000188805
0.00171435
0.0029378
0.000203909
0.0017219
0.000845845
0.00058907
0.000279431
0.000490892
0.000438027
0.000626831
0.000211461
0.00731052
0.000717458
9.81784e-05
0.000166148
0.00124611
0.000370057
8.3074e-05
0.000256774
0.000347401
0.00378364
0.000808084
0.00342114
0.000528653
0.000702353
0.00048334
0.000203909
0.00030964
0.000838293
0.00215993
0.000317192
0.00215237
0.00058907
0.000868501
0.00268858
0.000234118
0.000339848
0.00136695
0.000226566
0.000513549
0.00701598
0.00364015
0.0027641
0.00107241
0.000536205
0.000513549
0.00176721
0.000181252
0.000762771
0.000211461
0.000785427
9.81784e-05
0.000521101
0.00555086
0.00215993
0.000143492
0.000196357
0.000566414
0.000581518
9.06262e-05
0.000717458
0.000959128
0.000505996
0.00048334
0.000626831
0.00126877
0.000385161
0.000339848
0.000800532
0.000505996
0.000294535
0.000747666
0.000891158
0.000113283
0.00151044
0.00516569
0.00352687
0.000936471
0.00222789
0.000226566
0.000302087
0.000475788
0.000385161
0.00144247
0.00354953
0.000838293
0.000332296
0.000105731
0.00253753
0.0111772
0.00107996
0.000203909
0.0029378
0.00262816
0.000792979
0.00123856
0.00108751
0.00151799
0.000158596
0.000558862
0.000679697
0.00253753
0.000324744
0.000430475
0.00127632
0.000430475
0.000151044
0.000181252
0.00987826
0.00424433
0.000226566
0.000302087
0.0012008
0.000823188
0.00117814
0.00139715
0.000596623
0.000196357
0.00229586
0.000755219
0.000740114
0.0029378
0.00048334
0.000521101
0.00182763
0.000196357
0.00197867
0.00106486
8.3074e-05
0.000392714
0.000498444
0.00534695
0.000256774
0.000649488
0.000226566
0.00214482
0.000332296
0.000294535
0.000143492
0.000143492
0.00155575
0.000521101
8.3074e-05
0.00155575
0.00498444
0.000211461
0.000445579
0.000626831
7.55219e-05
0.00252998
0.00030964
0.000996888
0.00371568
0.000362505
0.00122345
0.000188805
6.04175e-05
0.000687249
6.04175e-05
0.00072501
0.00083074
7.55219e-05
0.000271879
6.79697e-05
0.00083074
0.000354953
7.55219e-05
0.00124611
0.000679697
0.000740114
0.00083074
0.00460683
0.00265082
0.0013896
0.000219013
0.000407818
0.00104975
0.00142736
0.00484095
0.000876054
9.06262e-05
0.000294535
0.00089871
6.04175e-05
0.0041386
0.000581518
0.00504486
0.000513549
0.00238649
0.00048334
0.00268103
0.000641936
8.3074e-05
0.000377609
0.000475788
0.00166148
0.00200888
6.79697e-05
0.00888137
0.000755219
0.00319457
0.000181252
0.000641936
0.000694801
0.000596623
0.000135939
7.55219e-05
0.000536205
0.00140471
0.000354953
0.0046748
0.000513549
0.000128387
0.000777875
0.000264326
0.000188805
8.3074e-05
0.000113283
0.00159351
0.000634384
0.000120835
0.000347401
0.000928919
0.00185029
0.00417636
0.000317192
0.000151044
0.000151044
8.3074e-05
0.00119325
0.000370057
0.00110262
0.000286983
0.00119325
0.00324744
7.55219e-05
0.000120835
0.00030964
0.00285473
0.000490892
0.000453131
0.00246956
0.000234118
0.000181252
0.000883606
0.000166148
9.06262e-05
0.000385161
6.79697e-05
0.00194846
0.000324744
0.00041537
0.00195602
0.00686494
0.000377609
0.000264326
0.0012159
0.000392714
0.000219013
7.55219e-05
0.00185029
0.00158596
0.000604175
0.000264326
0.0024167
0.000596623
0.000385161
8.3074e-05
0.000339848
0.000604175
8.3074e-05
0.000188805
9.81784e-05
0.000445579
0.00048334
0.00209196
0.00496934
0.0013896
0.000347401
0.000135939
0.000709905
0.00182008
0.00103465
7.55219e-05
0.000996888
0.000234118
0.00186539
9.81784e-05
0.00169924
0.000120835
0.000203909
0.00451621
0.00703864
0.000196357
6.79697e-05
0.000385161
0.000271879
0.000505996
0.00024167
0.000792979
0.000166148
0.00311905
0.000188805
0.000143492
0.0095082
0.000339848
0.000219013
0.000702353
7.55219e-05
0.000151044
0.00196357
0.000317192
0.000128387
0.000166148
0.00219769
0.000936471
0.000528653
0.0012008
0.00421412
0.000286983
0.00182008
8.3074e-05
0.000166148
0.000370057
0.0001737
0.000392714
0.000286983
0.000317192
0.000430475
0.000196357
0.000664592
6.04175e-05
0.00645712
0.000135939
0.000347401
0.00160106
0.00346645
0.0012008
0.00163127
0.000143492
0.00180497
0.00126877
0.000256774
0.000468236
0.00151799
0.0010271
0.00182763
0.000709905
0.000128387
0.00246956
0.00114793
0.000120835
0.000891158
0.000339848
0.000249222
0.000641936
0.00128387
0.000626831
0.000120835
0.000853397
0.000271879
6.79697e-05
0.000166148
0.000135939
0.000113283
0.000166148
0.00128387
0.000362505
0.000845845
0.000505996
0.00403287
0.000498444
0.000596623
0.000362505
0.000453131
0.00479564
0.000354953
8.3074e-05
0.0138734
7.55219e-05
0.000249222
0.00157841
0.000687249
0.00228076
0.000151044
0.000234118
0.000339848
0.000339848
0.000959128
0.00048334
0.00024167
0.000188805
0.000143492
0.00158596
0.000581518
0.000219013
0.000256774
6.04175e-05
0.00185784
0.00072501
0.000226566
0.000543757
0.00118569
0.00142736
0.00134429
0.00246956
0.000521101
0.000226566
0.0010422
0.000196357
0.000377609
0.000264326
0.000286983
0.00117814
0.000641936
0.00116304
8.3074e-05
0.000581518
0.000113283
6.04175e-05
0.000226566
0.000619279
0.00140471
0.00103465
0.0010271
0.000626831
0.000286983
0.000921367
0.000166148
0.000158596
0.0001737
0.000219013
0.00150288
0.000113283
0.00132918
0.000113283
0.000407818
0.000702353
0.000234118
0.000113283
0.00100444
0.00440292
0.000430475
0.00259795
0.00175211
0.00041537
0.000302087
0.000385161
0.000219013
0.000543757
0.000792979
6.04175e-05
0.00110262
0.00128387
0.00114793
0.000234118
0.00055131
0.000120835
0.000989336
0.000181252
0.000762771
0.0101652
6.79697e-05
0.000838293
0.000860949
0.000105731
0.000385161
0.00169924
