0.00282709
0.00203551
0.00932941
0.000452335
0.00220513
0.0010743
0.00282709
0.00254439
0.0117607
0.00203551
0.00237476
0.00316635
0.0235214
0.0435373
0.000735045
0.00203551
0.0031098
0.00180934
0.00265747
0.00209205
0.0195635
0.00214859
0.00474952
0.00588036
0.0131743
0.00457989
0.0130612
0.0158317
0.0128916
0.00197897
0.00152663
0.0010743
0.0187154
0.00135701
0.00361868
0.00237476
0.022956
0.00186588
0.00983829
0.00441027
0.00152663
0.00305326
0.00457989
0.000565419
0.0120434
0.00118738
0.00559765
0.00865091
0.00135701
0.00542802
0.00565419
0.00118738
0.00978175
0.00452335
0.00497569
0.000621961
0.0031098
0.0168495
0.00588036
0.00429718
0.00678503
0.00192242
0.00265747
0.00842474
0.00537148
0.00231822
0.00746353
0.00571073
0.00407102
0.00667194
0.00531494
0.00220513
0.000508877
0.00859437
0.00344906
0.00407102
0.00390139
0.00554111
0.00209205
0.0162275
0.0121565
0.0123827
0.0204682
0.00277055
0.00322289
0.00542802
0.00288364
0.00231822
0.00214859
0.00424064
0.00090467
0.00305326
0.0177542
0.00882054
0.0122696
0.0177542
0.000678503
0.00508877
0.00497569
0.00435373
0.00333597
0.00446681
0.00361868
0.00627615
0.00186588
0.00101775
0.00520185
0.000452335
0.00180934
0.00373177
0.00497569
0.000678503
0.00248784
0.00514531
0.00452335
0.00277055
0.00480606
0.000678503
0.00401447
0.00520185
0.00135701
0.0102341
0.0118738
0.0136831
0.00655886
0.00180934
0.00180934
0.00226168
0.00480606
0.00457989
0.00672849
0.00955558
0.00209205
0.00163972
0.00130046
0.000848128
0.0017528
0.000961212
0.000961212
0.00294018
0.00520185
0.00531494
0.00203551
0.00124392
0.00090467
0.00548456
0.00848128
0.0221644
0.00192242
0.00452335
0.00339251
0.00441027
0.00491915
0.00429718
0.00294018
0.00429718
0.00978175
0.0355649
0.00604998
0.00401447
0.00118738
0.014192
0.00712428
0.0347167
0.000791587
0.0186588
