0.00293166
0.000423612
0.00063878
0.000443784
0.00010086
0.00174824
0.00311994
0.00010086
0.000396716
0.000860672
0.00147256
0.000114308
0.00315356
0.000215168
0.0031939
0.000356372
0.00139187
0.000732916
8.7412e-05
0.00230633
0.0005043
0.00152635
0.000423612
0.00568178
0.0003362
0.000215168
0.000443784
0.00164066
8.0688e-05
0.00152635
0.001876
0.000652228
0.000618608
0.00010086
0.000934636
0.0006724
0.000558092
0.00303925
0.00297201
0.000188272
0.00222564
0.000692572
0.00248788
0.000194996
0.00110946
0.000766536
0.00080688
0.0156199
0.000121032
0.000867396
0.000121032
0.000342924
0.000679124
0.000342924
0.000981704
0.000524472
0.00464628
0.000174824
0.00231306
0.00172807
0.000262236
0.000450508
0.0027165
0.00269632
0.000658952
0.00043706
0.00650211
0.00133808
0.00026896
0.00112291
0.00294511
0.00579609
0.00188272
0.00043706
0.001681
0.000477404
7.3964e-05
0.000127756
0.00511696
0.000746364
0.00311321
0.00416888
0.00790742
0.00270977
0.000712744
0.00180876
0.00133808
0.00408819
0.000558092
0.0055204
0.00154652
0.00108929
0.000517748
0.0010086
7.3964e-05
0.000611884
0.000511024
0.00373182
0.00171462
0.000457232
0.00338217
0.00332166
0.00149945
0.000685848
0.00047068
0.000309304
0.00246098
0.000262236
0.000732916
0.00241392
0.00125739
0.00013448
0.000867396
0.000692572
0.00173479
0.000477404
0.000584988
0.000416888
0.00121032
0.000221892
0.00123049
0.00130446
0.000208444
0.0001681
0.0018222
0.00171462
0.000295856
0.000679124
0.00207099
0.00482783
0.00149945
0.000887568
0.001876
0.000242064
0.0129773
0.000322752
0.00570868
0.000611884
0.000484128
0.00142549
0.00159359
0.000389992
0.0028308
8.0688e-05
0.00119687
0.000618608
0.00200375
0.000322752
0.000322752
0.000497576
0.000591712
0.000188272
0.00445801
0.000141204
0.0020441
0.000968256
0.000531196
0.00162721
0.000584988
0.00794104
0.00047068
0.00023534
0.0036713
0.00172134
0.00660297
0.00274339
0.00199703
0.00199703
0.000255512
0.00087412
0.00113636
0.000423612
0.0092724
5.3792e-05
0.000853948
0.00180203
0.010476
0.000517748
0.000531196
0.000107584
0.000161376
0.000322752
0.000584988
0.00289804
0.00226599
0.0124192
0.0043975
0.0006724
0.00465973
0.000147928
0.00183565
0.0003362
0.00013448
0.000880844
0.000948084
0.00150618
0.000154652
0.00862017
0.000463956
0.00013448
0.000511024
0.00211134
0.00131118
0.000194996
0.00221892
0.00449836
0.00144566
0.000625332
0.00190289
0.00916481
0.00324769
0.00623987
0.00108256
0.00520438
0.00217858
0.000531196
0.00394026
0.00829742
0.00254167
0.00611884
0.000242064
0.00617263
0.000551368
0.00110274
0.00108256
0.0019903
0.000598436
0.00291822
0.00129773
0.00211806
0.00263581
5.3792e-05
0.0005043
0.00146583
0.00118342
0.000161376
0.000685848
0.000632056
0.00268288
0.000995152
0.00385285
0.000726192
0.000517748
8.0688e-05
0.0013179
0.00073964
0.00080688
0.000181548
9.4136e-05
0.000732916
5.3792e-05
0.00105567
0.00144566
0.000961532
0.000618608
0.000127756
0.00146583
0.00335528
0.00231306
0.00087412
0.000349648
0.00063878
0.00137842
0.00047068
0.00404112
6.0516e-05
5.3792e-05
0.00270977
0.000363096
0.00010086
0.00125066
0.00220547
8.0688e-05
0.00572885
0.00658952
0.000921188
0.000396716
0.0006724
6.0516e-05
0.00114308
0.00197013
0.0013717
0.000584988
0.000746364
0.000329476
0.00646849
0.00063878
0.000289132
0.00013448
0.00036982
0.000685848
0.000551368
0.00226599
0.00948756
0.00156669
0.000652228
6.0516e-05
0.00170117
0.00130446
0.00080688
0.00384613
7.3964e-05
0.0040613
0.00334855
0.000147928
9.4136e-05
0.00191634
0.00197013
0.009891
0.000114308
0.000665676
0.00189617
0.00023534
0.00040344
0.000174824
0.00129101
0.00073964
0.000147928
0.00102877
0.00188272
0.000376544
0.000847224
6.0516e-05
0.000194996
0.000954808
0.00363096
0.000121032
0.0018491
0.00208444
0.000194996
0.000255512
0.00287787
0.00328804
0.000275684
0.000443784
0.00231978
0.00057154
0.00471352
0.00203065
0.000995152
0.00472025
0.00141876
0.00265598
5.3792e-05
0.00162048
0.000275684
0.000598436
0.00164066
0.0095817
0.0101465
0.00135152
0.000833776
0.00207099
0.0016541
0.00070602
0.000154652
0.00149945
0.00424284
0.00010086
0.000578264
0.000558092
0.0001681
0.00293166
0.00445801
0.000645504
0.00121704
0.0008405
0.000430336
0.00053792
0.000665676
0.00023534
0.000450508
0.0015398
0.000457232
0.000208444
0.00073964
0.00129101
0.000658952
0.0048749
0.000457232
8.0688e-05
0.0020172
0.00080688
0.00147928
0.00121032
0.000423612
0.000954808
0.00695262
0.000477404
0.000430336
0.00868741
0.00392009
0.000342924
0.0010086
0.000121032
6.0516e-05
0.00256857
0.000968256
0.0012036
0.0116729
0.000544644
0.00449836
0.000356372
0.000396716
0.00138514
0.00273667
0.00111618
0.00070602
0.000625332
0.000632056
0.00634746
0.00258874
0.000820328
0.000457232
0.00114308
0.00186255
0.00186255
0.0110475
0.00667693
0.00392009
7.3964e-05
0.00194996
0.000645504
0.000127756
0.00127084
0.00424957
0.00221892
0.000188272
0.000860672
9.4136e-05
0.00253495
8.0688e-05
0.00124394
0.00375872
0.000114308
0.00278374
0.000181548
0.000914464
0.00115653
0.00147928
0.00158686
0.0006724
0.000766536
0.00040344
8.0688e-05
0.00158686
0.00330821
0.00090774
0.000242064
0.000141204
0.00305942
0.00239374
0.00108929
5.3792e-05
0.00142549
0.000618608
0.0010355
0.000652228
0.00424284
0.00109601
0.000349648
0.000376544
0.000423612
0.00100188
0.00143221
0.0127016
0.0042025
0.00036982
0.000396716
0.000147928
0.00053792
0.00180876
0.000410164
6.0516e-05
0.00240719
0.00604488
0.000107584
0.000880844
0.000147928
8.0688e-05
0.00102205
0.00591712
0.000625332
0.000174824
0.0031939
0.000779984
0.000813604
0.000827052
0.000692572
0.00175496
0.0026627
0.000356372
0.001486
0.00935308
0.00198358
0.0013179
0.000712744
0.00121704
0.000497576
0.000914464
0.00116325
0.00428991
5.3792e-05
0.00301235
0.000652228
0.001681
0.00240719
0.0003362
0.00123049
0.00102205
0.00293839
0.00190289
0.00810242
0.000887568
9.4136e-05
0.00490852
0.0109265
0.00233995
0.000329476
7.3964e-05
0.00442439
0.00010086
0.0006724
0.00265598
0.0001681
0.00213823
0.00073964
0.000255512
0.00225926
0.000827052
0.000679124
0.000221892
0.000215168
0.00030258
0.000719468
0.000121032
0.00133808
0.000463956
0.00359734
0.00094136
0.000887568
0.000753088
0.00150618
0.00231306
7.3964e-05
0.000484128
0.00010086
0.00190289
0.00677107
0.000289132
0.00043706
0.00171462
0.00203737
0.000376544
0.00047068
6.724e-05
0.00126411
0.0023534
0.000316028
0.000921188
0.00023534
0.00345614
0.00250805
0.000766536
0.00609194
0.0006724
0.000396716
0.0001681
0.000262236
0.000618608
0.000712744
0.00167428
0.0021853
0.000275684
0.00047068
0.0045656
0.000564816
0.000121032
0.000228616
0.00178858
0.000356372
0.000632056
0.00108929
0.0026627
0.00324769
